0001
0002
0004
0005
0006
0008
0009
0010
0011
0012
0013
0014
0016
0017
0018
0020
0021
0022
0023
0024
0026
0027
0028
0029
0031
0032
0034
0035
0036
0037
0038
0039
0041
0042
0044
0045
0046
0047
0048
0050
0051
0052
0053
0054
0057
0058
0059
0060
0062
0063
0064
0065
0066
0067
0069
0070
0072
0073
0074
0075
0076
0077
0078
0080
0081
0082
0083
0085
0087
0088
0089
0090
0091
0092
0093
0095
0096
0098
0099
0100
0101
0102
0103
0104
0106
0107
0108
0109
0112
0113
0114
0115
0117
0118
0119
0120
0121
0122
0124
0125
0126
0127
0128
0130
0131
0132
0133
0135
0137
0138
0139
0140
0141
0142
0143
0144
0146
0147
0148
0149
0151
0152
0153
0155
0156
0157
0158
0159
0161
0162
0163
0165
0167
0168
0169
0170
0171
0173
0174
0175
0176
0177
0179
0180
0181
0182
0184
0185
0186
0187
0189
0190
0191
0192
0193
0195
0197
0198
0199
0200
0201
0203
0204
0205
0206
0208
0209
0210
0212
0213
0214
0215
0217
0218
0219
0220
0221
0222
0224
0225
0227
0228
0229
0230
0231
0232
0234
0235
0236
0238
0239
0240
0241
0242
0244
0245
0246
0248
0249
0250
0251
0252
0253
0255
0256
0258
0259
0260
0261
0262
0264
0265
0266
0267
0269
0270
0272
0273
0274
0275
0276
0277
0278
0279
0281
0283
0284
0285
0286
0287
0288
0289
0291
0292
0293
0294
0296
0297
0298
0299
0301
0302
0303
0304
0306
0308
0309
0310
0311
0312
0314
0315
0316
0317
0319
0320
0321
0322
0323
0325
0326
0327
0329
0330
0332
0333
0334
0335
0336
0337
0338
0339
0341
0342
0343
0344
0346
0347
0348
0350
0351
0352
0354
0355
0356
0357
0358
0359
0362
0363
0364
0365
0366
0367
0369
0370
0371
0372
0374
0375
0376
0377
0378
0380
0382
0383
0384
0385
0386
0387
0388
0389
0392
0393
0394
0395
0396
0397
0399
0400
0402
0403
0404
0405
0406
0408
0409
0410
0411
0412
0413
0414
0416
0417
0419
0420
0421
0422
0423
0424
0426
0427
0428
0430
0431
0432
0433
0435
0436
0437
0439
0440
0441
0442
0443
0444
0447
0448
0449
0450
0451
0453
0454
0455
0456
0457
0458
0459
0461
0462
0464
0465
0466
0467
0469
0470
0471
0473
0474
0475
0477
0478
0479
0480
0482
0483
0484
0485
0486
0487
0488
0489
0491
0493
0494
0495
0496
0497
0499
0500
0502
0503
0504
0505
0506
0507
0508
0509
0511
0513
0514
0515
0516
0517
0518
0520
0522
0523
0524
0525
0527
0528
0529
0530
0531
0532
0533
0535
0536
0537
0538
0540
0542
0543
0544
0545
0547
0548
0549
0550
0551
0552
0554
0555
0556
0557
0559
0560
0561
0563
0564
0565
0567
0568
0569
0570
0571
0572
0573
0575
0576
0577
0578
0579
0581
0582
0583
0584
0586
0588
0589
0590
0591
0592
0594
0595
0597
0598
0599
0600
0601
0602
0604
0605
0606
0607
0608
0610
0611
0612
0614
0615
0617
0618
0619
0620
0622
0623
0624
0625
0626
0627
0629
0630
0631
0632
0634
0635
0636
0638
0639
0640
0642
0643
0644
0645
0646
0647
0648
0649
0651
0653
0654
0655
0657
0658
0659
0660
0661
0662
0663
0665
0666
0668
0669
0670
0671
0672
0673
0674
0677
0678
0679
0680
0681
0682
0684
0685
0686
0687
0688
0690
0691
0692
0694
0695
0696
0697
0698
0700
0702
0703
0704
0705
0707
0708
0709
0710
0712
0713
0714
0715
0716
0717
0719
0720
0721
0722
0724
0725
0726
0727
0728
0729
0731
0733
0734
0735
0736
0737
0738
0740
0741
0742
0743
0744
0746
0748
0749
0750
0751
0752
0754
0755
0756
0757
0759
0760
0761
0762
0764
0765
0767
0768
0769
0770
0771
0773
0774
0775
0776
0777
0779
0780
0781
0782
0783
0784
0786
0787
0788
0790
0791
0792
0793
0794
0797
0798
0799
0800
0801
0803
0804
0805
0806
0807
0808
0810
0811
0813
0814
0815
0816
0818
0819
0820
0822
0823
0824
0825
0826
0827
0828
0830
0831
0832
0833
0835
0836
0837
0838
0839
0841
0842
0843
0844
0846
0847
0848
0849
0851
0852
0853
0854
0856
0857
0859
0860
0861
0862
0863
0864
0866
0868
0869
0870
0872
0873
0874
0875
0876
0877
0878
0880
0881
0882
0884
0885
0886
0888
0889
0890
0892
0893
0894
0895
0896
0897
0898
0900
0901
0902
0903
0905
0906
0908
0909
0910
0911
0912
0913
0915
0916
0917
0918
0919
0921
0922
0923
0925
0926
0927
0928
0929
0931
0932
0933
0934
0936
0937
0938
0939
0941
0942
0943
0945
0946
0948
0949
0950
0952
0953
0954
0955
0956
0957
0958
0959
0962
0963
0964
0965
0967
0968
0969
0970
0971
0972
0974
0975
0976
0977
0978
0980
0981
0983
0984
0985
0986
0987
0988
0990
0991
0992
0994
0995
0996
0997
0999
1000
1002
1003
1004
1005
1006
1008
1009
1010
1011
1012
1013
1014
1016
1018
1019
1020
1022
1023
1024
1025
1027
1028
1029
1030
1032
1033
1034
1035
1037
1038
1039
1040
1041
1042
1044
